10006
10014
10051
10057
10064
10071
10085
10092
10102
10104
10108
10119
10120
10123
10126
10137
10145
10147
10153
10158
10161
10188
10201
10211
10220
10225
10233
10238
10241
10276
10278
10294
10302
10321
10343
10364
10372
10375
10388
10401
10404
10415
10434
10455
10460
10479
10487
10495
10516
10517
10559
10560
10562
10574
10594
10597
10604
10606
10611
10623
10629
10644
10657
10662
10693
10698
10702
10716
10724
10725
10727
10743
10750
10751
10753
10765
10786
10788
10790
10791
10803
10818
10822
10823
10827
10866
10870
10874
10876
10890
10906
10911
10914
10929
10932
10933
10967
10970
10989
10999
11017
11018
11038
11041
11062
11092
11105
11113
11124
11144
11156
11159
11164
11170
11181
11184
11203
11208
11215
11260
11267
11295
11308
11332
11338
11340
11366
11370
11378
11382
11384
11403
11404
11406
11415
11447
11453
11471
11478
11483
11498
11509
11533
11581
11599
11607
11628
11630
11644
11658
11662
11664
11674
11690
11691
11703
11707
11713
11731
11746
11754
11761
11762
11809
11850
11861
11887
11891
11911
11928
11929
11936
11949
11955
11975
11976
11981
11994
11999
12006
12008
12009
12011
12036
12044
12046
12051
12052
12060
12062
12068
12072
12074
12076
12079
12087
12095
12100
12124
12140
12159
12167
12169
12199
12211
12249
12265
12271
12319
12320
12330
12332
12340
12342
12343
12345
12346
12364
12366
12369
12373
12374
12384
12391
12395
12431
12437
12446
12447
12448
12449
12450
12451
12456
12458
12466
12473
12476
12477
12490
12503
12511
12515
12521
12538
12539
12540
12541
12542
12546
12557
12558
12559
12570
12591
12615
12622
12623
12626
12629
12641
12645
12650
12660
12669
12682
12684
12687
12706
12718
12719
12730
12742
12743
12747
12749
12781
12783
12785
12787
12788
12835
12837
12865
12872
12873
12877
12879
12888
12894
12905
12907
12908
12933
12954
12976
12981
12982
12984
12994
13012
13018
13019
13035
13047
13056
13063
13078
13080
13081
13084
13085
13100
13103
13104
13116
13119
13124
13135
13139
13141
13142
13143
13145
13181
13185
13188
13191
13210
13216
13222
13225
13227
13244
13249
13250
13253
13255
13284
13285
13290
13292
13294
13298
13299
13302
13303
13305
13311
13314
13316
13318
13319
13336
13337
13342
13343
13349
13353
13354
13356
13367
13370
13384
13396
13399
13400
13429
13430
13447
13452
13502
13508
13511
13522
13543
13547
13557
13567
13569
13577
13579
13585
13586
13604
13610
13616
13621
13622
13625
13627
13628
13631
13632
13637
13653
13661
13687
13688
13690
13696
13721
13730
13735
13739
13743
13748
13763
13766
13786
13788
13792
13802
13812
13816
13818
13819
13820
13821
13831
13837
13856
13858
13860
13861
13862
13866
13890
13891
13901
13903
13904
13906
13908
13909
13911
13914
13916
13917
13921
13928
13936
13977
13983
13992
13993
13998
14004
14005
14006
14010
14011
14017
14026
14029
14030
14040
14042
14043
14062
14063
14065
14066
14072
14076
14087
14088
14089
14090
14092
14131
14136
14141
14143
14144
14154
14177
14179
14182
14185
14189
14213
14218
14221
14229
14230
14231
14235
14250
14271
14273
14274
14276
14277
14288
14290
14292
14295
14296
14297
14298
14299
14300
14301
14306
14322
14328
14329
14337
14338
14340
14344
14357
14378
14379
14392
14393
14400
14401
14402
14406
14408
14409
14414
14416
14417
14437
14461
14478
14479
14487
14489
14490
14493
14495
14496
14498
14499
14502
14503
14504
14505
14506
14509
14516
14521
14524
14525
14527
14533
14541
14558
14565
14567
14570
14573
14574
14578
14579
14580
14588
14592
14605
14619
14625
14632
14634
14637
14641
14642
14656
14682
14683
14684
14685
14686
14713
14714
14715
14716
14719
14723
14735
14736
14750
14751
14754
14755
14756
14759
14760
14761
14763
14776
14778
14781
14782
14784
14785
14786
14795
14816
14824
14849
14851
14852
14855
14856
14859
14867
14883
14884
14889
14890
14891
14908
14912
14915
14918
14919
14939
14941
14945
14953
14954
14955
14960
14961
14969
14970
14982
14983
14984
14985
14986
14987
15029
15034
15045
15046
15053
15054
15069
15077
15092
15105
15108
15110
15113
15117
15119
15120
15145
15164
15167
15168
15169
15170
15198
15202
15228
15229
15242
15263
15264
15315
15318
15325
15327
15331
15332
15335
15339
15351
15357
15358
15368
15390
15391
15394
15395
15396
15397
15398
15399
15400
15401
15404
15451
15452
15454
15456
15466
15472
15478
15482
15485
15486
15487
15489
15528
15544
15553
15560
15579
15582
15585
15597
15599
15623
15627
15647
15648
15649
15650
15659
15667
15694
15703
15707
15710
15712
15719
15720
15721
15724
15729
15734
15735
15747
15763
15797
15802
15824
15826
15843
15859
15860
15915
15917
15920
15921
15923
15929
15956
15966
15974
15980
16004
16024
16029
16044
16048
16053
16073
16076
16082
16083
16084
16086
16087
16088
16096
16109
16117
16119
16126
16140
16141
16143
16149
16154
16156
16158
16159
16267
16268
16276
16277
16278
16279
16280
16318
16319
16336
16338
16339
16341
16342
16343
16347
16360
16424
16431
16432
16434
16435
16436
16437
16448
16450
16451
16452
16460
16479
16512
16548
16555
16564
16571
16598
16599
16600
16619
16651
16678
16695
16707
16715
16731
16758
16803
16870
16890
16969
16978
16985
17005
17072
17128
17144
17224
17232
17240
17267
17291
17304
17339
17347
17400
17435
17443
17478
17523
17558
17566
17590
17646
17670
17726
17742
17743
17750
17778
17806
17815
17822
17830
17849
17902
17929
17953
17961
17962
18016
18032
18067
18075
18091
18112
18147
18163
18198
18200
18243
18251
18278
18286
18315
18331
18358
18374
18382
18403
18411
18438
18446
18542
18550
18569
18585
18606
18649
18673
18681
18702
18710
18729
18796
18817
18825
18884
18905
18921
18948
18973
18980
18999
19019
19027
19035
19043
19051
19107
19131
19166
19174
19238
19254
19289
19297
19334
19350
19377
19393
19406
19414
19430
19502
19537
19546
19553
19561
19596
19617
19676
19692
19713
19721
19756
19764
19828
19852
19860
19879
19880
19887
19895
19916
19940
19975
19976
19992
20052
20053
20079
20088
20095
20124
20167
20175
20183
20204
20220
20239
20240
20247
20248
20263
20343
20386
20394
20407
20415
20458
20474
20482
20512
20562
20570
20589
20618
20626
20677
20693
20694
20714
20730
20750
20765
20853
20888
20896
20909
20917
20968
20976
20984
20992
21004
21020
21039
21055
21119
21127
21135
21143
21178
21186
21194
21207
21231
21258
21274
21282
21290
21303
21338
21346
21370
21371
21389
21397
21434
21450
21485
21506
21514
21522
21530
21557
21573
21629
21638
21653
21689
21709
21726
21733
21768
21776
21792
21821
21864
21872
21928
21936
21960
21979
21987
21995
22007
22023
22066
22074
22082
22103
22111
22138
22170
22189
22218
22226
22234
22250
22269
22277
22285
22293
22306
22322
22373
22410
22429
22437
22461
22488
22496
22509
22517
22533
22541
22568
22592
22605
22613
22621
22648
22664
22680
22699
22728
22752
22760
22779
22787
22795
22825
22840
22859
22867
22891
22912
22920
22921
22947
22955
22998
23018
23026
23034
23035
23042
23050
23077
23085
23106
23114
23130
23182
23202
23210
23229
23245
23246
23253
23288
23297
23309
23317
23325
23326
23341
23393
23405
23421
23448
23464
23472
23499
23501
23536
23544
23552
23579
23587
23624
23640
23659
23683
23705
23712
23720
23799
23800
23819
23827
23835
23851
23879
23886
23887
23894
23915
23916
23924
23931
23975
23990
24002
24010
24029
24037
24045
24046
24053
24088
24096
24109
24117
24141
24184
24192
24205
24213
24221
24248
24256
24264
24272
24299
24301
24328
24336
24344
24352
24360
24379
24416
24424
24432
24440
24441
24459
24467
24483
24491
24539
24555
24563
24571
24598
24600
24619
24627
24628
24635
24643
24651
24678
24679
24694
24707
24715
24723
24731
24766
24803
24811
24854
24870
24897
24918
24926
24934
24942
24969
24985
25005
25013
25048
25056
25064
25065
25072
25080
25081
25099
25144
25160
25195
25208
25216
25217
25232
25283
25291
25304
25312
25320
25371
25398
25419
25443
25478
25487
25507
25515
25523
25574
25582
25583
25590
25611
25646
25654
25662
25689
25697
25718
25726
25750
25769
25778
25785
25849
25873
25902
25910
25929
25937
25953
25961
25988
26075
26084
26112
26120
26155
26163
26227
26235
26243
26278
26286
26294
26307
26331
26332
26366
26374
26382
26390
26403
26438
26454
26462
26470
26489
26497
26518
26526
26534
26542
26550
26569
26577
26585
26586
26593
26606
26607
26614
26622
26657
26665
26673
26681
26710
26729
26737
26753
26761
26788
26796
26809
26825
26833
26841
26884
26905
26921
26965
27000
27027
27035
27043
27051
27078
27086
27087
27094
27107
27115
27131
27158
27174
27190
27203
27238
27254
27263
27270
27289
27297
27318
27334
27342
27350
27377
27385
27393
27406
27422
27430
27449
27457
27465
27473
27481
27502
27510
27596
27609
27617
27618
27633
27641
27676
27684
27705
27713
27721
27748
27756
27764
27780
27828
27836
27852
27860
27879
27887
27888
27895
27909
27924
27940
27959
27983
27991
28003
28054
28089
28097
28118
28134
28142
28143
28150
28169
28177
28186
28193
28222
28230
28265
28310
28337
28345
28353
28388
28409
28417
28425
28433
28441
28468
28476
28484
28492
28505
28548
28556
28564
28580
28636
28804
28847
29023
29102
29137
29145
29196
29209
29487
29488
29532
29567
29612
29639
29647
29663
29735
29752
29832
29859
29867
29911
29938
29946
29962
30031
30074
30075
30154
30277
30314
30330
30365
30382
30402
30525
30533
30680
30681
30728
30729
30779
30912
30940
31077
31107
31173
31181
31325
31333
31341
31456
31464
31472
31500
31536
31552
31659
31704
31720
31763
31800
31852
31878
31974
32037
32125
32141
32272
32281
32328
32379
32440
32459
32475
32504
32540
32563
32571
32651
32678
32686
32707
32791
32803
32870
32934
32942
32943
32969
32986
33005
33056
33160
33209
33312
33321
33363
33508
33566
33603
33647
33785
33806
33814
33873
33882
34024
34032
34040
34083
34121
34147
34198
34227
34251
34278
34286
34323
34366
34438
34497
34550
34673
34817
34818
34825
34833
34841
34892
34948
34980
34981
34999
35044
35051
35107
35115
35124
35166
35175
35204
35211
35238
35422
35529
35554
35617
35706
35748
35781
35940
35991
36003
36054
36127
36150
36222
36249
36310
36396
36397
36468
36469
36505
36679
36740
36775
36783
36898
36927
36978
36986
37065
37102
37103
37161
37196
37217
37226
37233
37234
37268
37284
37364
37399
37508
37584
37699
37778
37807
37815
37875
38033
38041
38093
38113
38149
38156
38172
38260
38280
38287
38295
38324
38375
38420
38447
38455
38520
38543
38551
38578
38586
38658
38674
38682
38703
38711
38746
38762
38826
38850
38869
38877
38885
38893
38906
38914
38930
38973
39036
39087
39108
39116
39140
39159
39175
39220
39239
39263
39271
39300
39335
39394
39458
39466
39490
39503
39538
39562
39570
39571
39597
39626
39642
39669
39670
39685
39693
39731
39749
39765
39781
39837
39853
39896
39917
39925
39941
39992
40010
40053
40061
40109
40125
40141
40176
40192
40205
40213
40221
40248
40272
40301
40336
40345
40352
40360
40416
40440
40483
40491
40520
40539
40571
40619
40627
40635
40644
40694
40707
40708
40715
40723
40766
40782
40790
40811
40838
40854
40862
40897
40935
40970
40977
40985
41005
41064
41072
41080
41081
41100
41128
41136
41152
41160
41179
41187
41208
41216
41217
41259
41275
41283
41304
41320
41355
41371
41400
41419
41427
41443
41478
41486
41515
41523
41582
41590
41603
41662
41718
41726
41734
41777
41785
41807
41822
41865
41929
41937
41953
41996
42008
42024
42059
42067
42075
42083
42104
42112
42139
42140
42171
42198
42200
42219
42227
42235
42243
42286
42307
42315
42323
42359
42366
42390
42403
42438
42439
42454
42462
42518
42526
42534
42550
42569
42585
42586
42606
42614
42657
42681
42710
42737
42745
42753
42761
42788
42796
42817
42833
42884
42892
42905
42999
43000
43019
43027
43043
43051
43078
43123
43190
43203
43211
43238
43246
43318
43342
43350
43369
43385
43414
43449
43473
43481
43502
43510
43537
43553
43596
43609
43668
43676
43684
43706
43713
43721
43748
43764
43772
43780
43836
43837
43844
43860
43908
43916
43940
43959
43983
43991
44062
44070
44126
44134
44150
44169
44185
44193
44206
44257
44265
44273
44329
44337
44345
44353
44361
44409
44433
44468
44476
44484
44492
44505
44513
44548
44564
44599
44601
44644
44652
44687
44708
44740
44759
44783
44812
44871
44935
44951
44978
44986
45014
45022
45065
45081
45102
45129
45137
45145
45217
45225
45233
45241
45277
45313
45356
45380
45399
45401
45428
45436
45437
45444
45479
45487
45495
45516
45567
45583
45591
45604
45620
45655
45663
45671
45727
45728
45743
45751
45786
45794
45858
45866
45874
45882
45890
45891
45954
45970
45989
45997
46017
46018
46068
46077
46084
46149
46164
46173
46181
46199
46201
46228
46252
46260
46288
46295
46308
46324
46340
46359
46367
46391
46392
46404
46412
46420
46439
46447
46463
46471
46527
46543
46578
46586
46594
46615
46623
46631
46658
46666
46674
46682
46690
46703
46738
46754
46762
46770
46818
46842
46850
46877
46893
46906
46914
46922
46950
46981
47001
47002
47028
47052
47060
47079
47108
47132
47133
47140
47141
47159
47167
47175
47191
47205
47220
47248
47271
47300
47327
47335
47386
47394
47395
47423
47431
47466
47490
47511
47562
47570
47626
47642
47677
47706
47730
47757
47773
47781
47802
47810
47829
47837
47888
47896
47917
47933
47941
47968
47992
48004
48047
48063
48071
48100
48119
48194
48223
48258
48267
48274
48282
48311
48347
48354
48370
48389
48397
48434
48450
48485
48506
48514
48549
48557
48565
48602
48610
48645
48653
48696
48709
48725
48768
48776
48805
48813
48880
48936
48944
48960
48979
48987
48995
49015
49023
49031
49074
49111
49154
49162
49197
49242
49269
49285
49293
49322
49330
49357
49365
49373
49402
49429
49437
49461
49488
49496
49517
49576
49585
49592
49613
49656
49680
49699
49701
49744
49752
49760
49779
49808
49832
49840
49867
49875
49891
49905
49920
49947
49955
49971
50008
50017
50024
50032
50040
50075
50091
50092
50104
50163
50171
50200
50227
50278
50286
50382
50446
50462
50470
50497
50534
50542
50550
50606
50666
50710
50729
50737
50745
50753
50788
50825
50876
50885
50892
50905
50921
50956
50972
51043
51086
51094
51123
51182
51190
51203
51211
51254
51263
51334
51369
51377
51393
51414
51423
51457
51465
51561
51588
51596
51610
51617
51625
51633
51676
51684
51692
51706
51721
51748
51764
51772
51781
51799
51800
51836
51887
51925
51932
51940
51983
51991
52003
52038
52046
52062
52070
52090
52150
52193
52206
52230
52265
52329
52337
52388
52396
52433
52434
52441
52476
52505
52521
52556
52564
52601
52602
52628
52687
52695
52708
52716
52724
52759
52775
52783
52792
52804
52812
52821
52863
52898
52919
52936
52943
52978
52994
53030
53050
53065
53081
53102
53110
53129
53137
53153
53161
53196
53197
53209
53225
53241
53268
53284
53321
53364
53380
53381
53401
53444
53452
53479
53508
53516
53524
53567
53612
53613
53621
53639
53663
53698
53751
53786
53807
53815
53823
53831
53858
53866
53874
53882
53903
53938
53939
53962
53970
54009
54084
54148
54164
54172
54181
54199
54253
54279
54287
54295
54367
54391
54412
54420
54447
54455
54463
54471
54500
54519
54543
54551
54578
54594
54615
54666
54682
54704
54738
54746
54754
54770
54771
54797
54818
54834
54893
54949
55001
55028
55079
55108
55159
55175
55191
55204
55212
55213
55247
55255
55271
55351
55386
55415
55466
55482
55511
55597
55642
55677
55706
55730
55749
55781
55853
55933
55976
56012
56063
56098
56100
56119
56143
56186
56194
56223
56232
56266
56274
56275
56303
56312
56354
56363
56370
56389
56434
56450
56469
56485
56573
56610
56629
56741
56768
56784
56792
56805
56848
56864
56899
56937
56944
56952
56979
57007
57058
57066
57067
57146
57154
57170
57189
57234
57250
57269
57277
57286
57306
57349
57357
57381
57437
57446
57488
57509
57517
57533
57541
57568
57592
57605
57648
57664
57665
57736
57744
57795
57808
57817
57840
57859
57875
57891
57904
57912
57920
57947
57998
58018
58026
58043
58069
58077
58085
58093
58094
58166
58173
58181
58202
58296
58318
58334
58341
58376
58393
58405
58406
58456
58464
58472
58480
58481
58501
58536
58552
58579
58608
58616
58624
58632
58640
58659
58667
58675
58683
58704
58712
58720
58739
58755
58771
58772
58800
58819
58827
58843
58851
58878
58886
58915
58966
58975
58982
58990
59010
59045
59053
59061
59089
59096
59109
59117
59168
59176
59184
59185
59192
59205
59213
59221
59248
59256
59272
59301
59336
59345
59352
59360
59379
59395
59396
59408
59432
59440
59459
59467
59475
59491
59520
59598
59600
59601
59619
59635
59643
59686
59694
59707
59723
59758
59766
59774
59782
59811
59838
59862
59870
59897
59926
59942
59950
59969
59985
60054
60062
60063
60070
60089
60097
60118
60134
60169
60177
60185
60186
60206
60214
60249
60281
60302
60310
60329
60337
60361
60417
60433
60441
60442
60468
60513
60521
60548
60564
60572
60580
60599
60628
60644
60652
60660
60679
60687
60695
60716
60759
60791
60839
60847
60856
60863
60871
60900
60943
60978
60986
60994
61006
61049
61065
61137
61138
61146
61188
61209
61217
61233
61241
61284
61292
61313
61348
61372
61380
61399
61401
61428
61508
61516
61524
61567
61575
61583
61591
61604
61620
61639
61663
61671
61735
61743
61751
61794
61807
61815
61823
61874
61882
61890
61946
61954
61955
61962
61970
61989
61990
62010
62017
62034
62092
62105
62148
62164
62201
62236
62244
62252
62260
62287
62295
62308
62316
62324
62332
62367
62383
62439
62455
62463
62498
62500
62519
62543
62586
62607
62615
62658
62674
62682
62690
62711
62754
62770
62789
62797
62834
62842
62869
62877
62885
62894
62907
62949
63044
63060
63079
63096
63108
63132
63140
63240
63255
63271
63298
63335
63343
63351
63386
63423
63458
63467
63482
63483
63503
63511
63554
63589
63590
63597
63650
63685
63693
63714
63765
63773
63781
63802
63811
63830
63837
63845
63861
63968
63976
63984
64020
64039
64047
64055
64063
64071
64135
64143
64151
64186
64194
64207
64223
64266
64282
64290
64303
64311
64346
64354
64370
64390
64397
64418
64426
64450
64469
64477
64486
64514
64531
64557
64565
64573
64581
64610
64629
64646
64688
64709
64725
64733
64784
64785
64821
64856
64872
64899
64929
64936
64944
64952
64960
64979
64987
64995
65023
65031
65032
65058
65066
65074
65090
65111
65138
65154
65189
65197
65226
65242
65250
65277
65285
65293
65294
65306
65307
65315
65330
65357
65365
65402
65429
65445
65453
65496
65509
65517
65533
65541
65584
65613
65656
65664
65680
65699
65701
65736
65744
65752
65787
65795
65832
65840
65859
65875
65883
65904
65920
65939
65955
66018
66026
66034
66050
66069
66077
66085
66093
66114
66122
66130
66149
66157
66165
66181
66202
66245
66253
66288
66296
66317
66325
66333
66341
66376
66384
66421
66456
66464
66472
66499
66501
66536
66544
66579
66587
66640
66659
66683
66691
66739
66747
66755
66799
66800
66827
66828
66851
66878
66886
66907
66931
66958
66982
67002
67037
67045
67061
67109
67117
67168
67176
67192
67193
67256
67328
67336
67344
67360
67432
67459
67467
67491
67504
67520
67539
67547
67555
67563
67571
67600
67627
67708
67715
67723
67732
67774
67790
67838
67862
67918
67969
67985
67993
68013
68056
68072
68144
68160
68161
68195
68216
68283
68304
68320
68339
68340
68347
68363
68398
68419
68428
68435
68451
68494
68507
68523
68566
68574
68582
68591
68611
68654
68734
68742
68806
68814
68822
68830
68857
68865
68938
68945
69032
69075
69083
69139
69155
69163
69219
69235
69243
69323
69358
69411
69471
69489
69526
69550
69585
69607
69630
69649
69673
69729
69745
69796
69809
69892
69905
69972
70018
70033
70077
70092
70113
70228
70229
70252
70280
70308
70316
70332
70359
70376
70455
70471
70500
70519
70578
70624
70674
70704
70869
70923
70957
70958
70965
71001
71087
71116
71124
71175
71176
71204
71271
71298
71395
71475
71563
71685
71765
71889
71909
71933
71976
71984
72005
72055
72063
72100
72311
72494
72688
72696
72726
72733
72741
72769
72792
72961
72980
72996
73075
73139
73219
73438
73614
73753
73940
74070
74406
74617
75002
75031
75034
75044
75045
75051
75053
75056
75058
75061
75066
75068
75070
75072
75077
75083
75086
75093
75094
75098
75100
75101
75102
75103
75104
75106
75111
75149
75154
75155
75158
75162
75163
75166
75167
75170
75175
75179
75181
75182
75186
75187
75188
75193
75213
75215
75216
75221
75222
75224
75227
75229
75232
75233
75237
75241
75247
75255
75259
75261
75262
75283
75285
75286
75288
75291
75294
75298
75303
75304
75308
75310
75316
75318
75319
75320
75326
75332
75333
75335
75342
75344
75348
75356
75358
75382
75383
75397
75407
75422
75423
75424
75432
75444
75449
75454
75460
75462
75467
75469
75473
75477
75479
75480
75481
75482
75509
75518
75524
75527
75558
75573
75587
75591
75596
75597
75602
75604
75615
75618
75621
75625
75643
75646
75647
75649
75660
75700
75734
75789
75790
75792
75808
75815
75816
75817
75819
75825
75832
75844
75850
75857
75858
75880
75881
75886
75888
75889
75891
75895
75899
75900
75936
75946
75950
76022
76037
76062
76066
76075
76081
76082
76085
76090
76091
76094
76099
76101
76116
76122
76123
76127
76131
76135
76136
76139
76142
76146
76148
76149
76150
76156
76157
76158
76162
76171
76173
76177
76179
76185
76190
76209
76210
76218
76219
76222
76224
76226
76238
76240
76245
76247
76248
76258
76263
76270
76272
76274
76282
76285
76391
76448
76475
76477
76478
76492
76497
76498
76499
76512
76513
76515
76556
76557
76560
76563
76565
76566
76573
76578
76593
76596
76597
76598
76605
76607
76608
76609
76613
76615
76619
76622
76626
76633
76634
76635
76637
76638
76639
76640
76644
76645
76653
76657
76660
76667
76671
76673
76676
76677
76678
76685
76697
76702
76703
76707
76708
76711
76712
76714
76732
76745
76754
76757
76758
76759
76762
76763
76764
76766
76769
76774
76776
76777
76779
76780
76792
76796
76799
76803
76804
76805
76806
76808
76829
76837
76838
76856
76887
76932
76961
76975
77000
77015
77018
77027
77028
77042
77043
77052
77058
77061
77062
77063
77064
77074
77075
77077
77080
77081
77117
77118
77119
77120
77122
77123
77144
77150
77151
77157
77158
77161
77162
77179
77182
77207
77210
77236
77242
77297
77300
77303
77304
77307
77310
77312
77318
77338
77340
77366
77368
77370
77371
77372
77373
77382
77388
77416
77418
77426
77452
77453
77454
77456
77457
77459
77461
77462
77464
77465
77472
77473
77476
77478
77481
77496
77501
77509
77516
77520
77521
77541
77544
77546
77550
77555
77579
77584
77588
77605
77606
77608
77611
77628
77629
77634
77635
77637
77641
77643
77644
77649
77653
77661
77688
77695
77705
77708
77714
77719
77723
77730
77763
77768
77769
77770
77771
77777
77803
77813
77814
77815
77824
77829
77834
77854
77855
77856
77858
77859
77873
77874
77876
77880
77881
77896
77899
77903
77917
77920
77924
77926
77927
77976
77995
78001
78010
78015
78032
78033
78038
78039
78041
78044
78045
78049
78063
78065
78074
78077
78085
78102
78117
78137
78165
78170
78186
78207
78211
78223
78242
78263
78395
78405
78447
78451
78495
78664
78701
78711
78729
78745
78763
78785
78786
78787
78788
78789
78791
78795
78796
78804
78841
78850
78851
78859
78860
78863
78864
78867
78876
78877
78916
78920
78923
78928
78937
78946
78948
78950
78963
78977
78980
78991
78994
79010
79021
79032
79033
79035
79037
79041
79042
79043
79053
79057
79058
79061
79062
79069
79094
79097
79130
79131
79133
79137
79144
79145
79146
79159
79163
79175
79192
79198
79207
79209
79210
79212
79219
79220
79237
79244
79250
79255
79272
79323
79328
79335
79336
79337
79348
79349
79354
79364
79418
79424
79435
79437
79438
79444
79445
79455
79462
79477
79502
79508
79509
79525
79526
79532
79540
79541
79543
79545
79550
79591
79607
79611
79613
79634
79637
79640
79641
79662
79664
79667
79668
79669
79670
79672
79674
79686
79695
79698
79700
79701
79713
79724
79726
79730
79751
79758
79764
79766
79776
79779
79780
79781
79783
79785
79788
79796
79808
79811
79823
79859
79888
79900
79902
79903
79908
79909
79910
79915
79922
79925
79927
79929
79956
79969
79973
80032
80039
80054
80070
80072
80073
80074
80076
80079
80080
80091
80093
80094
80098
80105
80113
80127
80128
80135
80168
80169
80181
80184
80185
80186
80189
80191
80193
80199
80204
80210
80214
80271
80284
80303
80307
80311
80316
80317
80361
80371
80382
80386
80388
80402
80404
80410
80414
80415
80416
80422
80423
80432
80446
80461
80473
80481
80504
80543
80557
80573
80575
80587
80589
80592
80593
80594
80596
80599
80600
80605
80621
80635
80670
80678
80679
80694
80699
80705
80713
80719
80729
80752
80761
80774
80775
80778
80783
80786
80789
80796
80797
80828
80829
80846
80852
80864
80865
80868
80913
80915
80926
80928
80972
80987
81025
81027
81047
81055
81056
81057
81058
81059
81060
81061
81063
81064
81090
81122
81126
81128
81132
81134
81143
81153
81172
81173
81188
81190
81191
81193
81194
81204
81234
81262
81276
81284
81285
81288
81290
81292
81293
81296
81301
81482
81510
81523
81530
81534
81540
81548
81569
81584
81593
81594
81598
81653
81654
81655
81656
81661
81662
81665
81667
81668
81670
81671
81676
81677
81679
81687
81689
81695
81702
81736
81747
81753
81767
81770
81774
81776
81778
81784
81857
81864
81866
81910
81912
81914
81916
81920
81925
82157
82196
82206
82224
82231
82232
82233
82234
82235
82236
82237
82238
82242
82243
82266
82272
82292
82295
82298
82299
82300
82301
82303
82307
82308
82309
82311
82501
82502
82540
82565
82567
82590
82632
82634
82635
82638
82640
82642
82643
82644
82647
82648
82649
82651
82654
82656
82659
82668
82682
82689
82694
82751
82769
82770
82771
82773
82774
82775
82776
82777
82783
82784
82791
82792
82795
82797
82800
82803
82811
82855
82857
82858
82859
82861
82862
82924
82932
82959
82983
83011
83030
83122
83142
83143
83159
83162
83186
83188
83189
83190
83191
83193
83202
83204
83227
83228
83229
83232
83233
83238
83239
83254
83264
83275
83301
83307
83326
83332
83333
83340
83341
83342
83343
83345
83366
83400
83403
83421
83439
83440
83442
83443
83446
83447
83448
83449
83452
83453
83455
83456
83457
83459
83462
83464
83467
83509
83526
83558
83570
83583
83588
83591
83594
83595
83596
83597
83598
83601
83602
83603
83605
83606
83608
83609
83611
83613
83661
83671
83687
83699
83714
83715
83719
83720
83721
83728
83761
83818
83819
83820
83821
83822
83823
83824
83827
83828
83829
83832
83834
83835
83856
83858
83862
83897
83900
83901
83962
83976
83977
83979
83981
83982
83983
83985
83988
83989
83991
83995
83998
84001
84002
84007
84010
84012
84013
84018
84019
84020
84023
84024
84025
84026
84027
84028
84029
84031
84032
84036
84040
84041
84042
84073
84103
84107
84132
84155
84164
84168
84169
84170
84172
84174
84175
84176
84179
84181
84198
84217
84250
84280
84319
84342
84361
84364
84365
84366
84371
84372
84373
84374
84375
84377
84381
84382
84383
84385
84391
84394
84395
84396
84406
84519
84546
84553
84573
84577
84580
84582
84584
84587
84588
84592
84597
84640
84642
84644
84645
84650
84651
84652
84654
84656
84662
84663
84669
84673
84734
84768
84769
84776
84778
84779
84780
84785
84808
84820
85019
85032
85055
85059
85063
85065
85067
85071
85072
85073
85075
85077
85078
85080
85085
85168
85180
85201
85231
85232
85234
85239
85240
85246
85247
85249
85253
85255
85256
85257
85259
85261
85266
85269
85331
85333
85334
85336
85343
85344
85346
85347
85348
85349
85374
85411
85419
85424
85426
85427
85429
85431
85432
85436
85440
85445
85447
85449
85517
85551
85552
85593
85596
85597
85599
85600
85603
85606
85609
85610
85611
85612
85613
85618
85620
85621
85625
85626
85627
85629
85632
85635
85636
85638
85640
85645
85646
85647
85653
85654
85655
85658
85661
85663
85675
85682
85729
85758
85762
85763
85767
85768
85769
85770
85781
85786
85789
85792
85796
85801
85824
85827
85869
85882
85895
85900
85902
85903
85904
85908
85909
85913
85914
85921
85924
85925
85926
85929
85930
85931
85933
85934
85938
85939
85944
85945
85951
85952
85955
85956
85958
85960
85965
85991
86002
86010
86017
86018
86021
86022
86025
86026
86028
86034
86039
86041
86042
86097
86102
86103
86106
86107
86109
86111
86112
86115
86118
86120
86121
86125
86128
86133
86134
86136
86140
86142
86144
86145
86146
86176
86218
86219
86224
86225
86226
86227
86228
86233
86255
86281
86303
86305
86307
86309
86310
86311
86314
86316
86326
86339
86345
86350
86368
86372
86380
86381
86398
86401
86408
86411
86414
86432
86434
86443
86445
86447
86448
86450
86547
86548
86560
86582
86590
86591
86593
86594
86595
86602
86714
86720
86746
86747
86748
86756
86758
86759
86762
86793
86799
86801
86804
86806
86809
86810
86845
86861
86867
86868
86876
86889
86896
86923
86937
86938
86946
86947
86949
86950
86976
86979
87027
87029
87030
87031
87034
87036
87040
87041
87043
87044
87049
87054
87090
87127
87131
87134
87137
87139
87140
87146
87149
87150
87184
87205
87206
87212
87214
87254
87267
87268
87277
87281
87283
87284
87292
87295
87296
87349
87356
87415
87426
87432
87436
87440
87445
87447
87449
87464
87465
87496
87536
87539
87541
87585
87657
87659
87660
87666
87668
87696
87725
87831
87841
87842
88172
88211
88232
88235
88237
88239
88269
88280
88281
88284
88308
88313
88319
88338
88388
88391
88414
88415
88429
88481
88485
88486
88495
88587
88590
88597
88601
88605
88615
88657
88658
88661
88663
88668
88679
88681
88682
88717
88748
88817
88818
88819
88821
88845
88847
88853
88855
88856
88869
88873
88882
88895
88897
88910
88917
88919
88922
88924
88938
88945
88954
88972
88985
88987
88988
88989
88991
88992
89001
89002
89003
89004
89005
89006
89007
89008
89013
89014
89017
89018
89048
89063
89068
89070
89071
89105
89125
89126
89127
89128
89130
89131
89132
89134
89138
89139
89155
89179
89195
89199
89201
89204
89207
89215
89216
89217
89223
89224
89227
89230
89237
89243
89244
89247
89252
89258
89260
89269
89289
89301
89302
89303
89317
89326
89327
89329
89332
89333
89346
89347
89349
89350
89367
89369
89370
89374
89375
89392
89399
89400
89406
89407
89409
89410
89426
89428
89431
89432
89442
89443
89444
89462
89463
89471
89482
89495
89497
89508
89509
89540
89546
89557
89558
89607
89608
89626
89627
89630
89636
89638
89641
89647
89648
89653
89675
89686
89692
89694
89700
89702
89727
89731
89781
89789
89805
89806
89810
89812
89813
89818
89841
89845
89849
89850
89876
89877
89884
89886
89896
89899
89900
89901
89911
89931
89945
89946
89952
89954
89957
89960
89961
89964
89968
89971
89973
89976
89977
89983
90037
90038
90039
90044
90045
90052
90055
90067
90071
90078
90100
90110
90118
90120
90132
90162
90164
90165
90175
90197
90199
90200
90204
90209
90210
90213
90215
90219
90247
90248
90249
90251
90271
90272
90289
90303
90309
90312
90335
90337
90339
90351
90352
90369
90371
90374
90379
90380
90386
90387
90425
90435
90438
90439
90440
90441
90442
90444
90450
90458
90493
90494
90496
90501
90503
90504
90505
90507
90515
90516
90520
90528
90531
90533
90536
90537
90543
90547
90548
90550
90554
90555
90558
90562
90564
90565
90567
90569
90613
90616
90628
90630
90643
90650
90655
90657
90676
90677
90687
90699
90700
90701
90702
90732
90751
90756
90760
90763
90775
90776
90779
90780
90783
90786
90789
90792
90796
90813
90825
90829
90831
90833
90838
90847
90848
90849
90850
90853
90879
90880
90885
90889
90893
90916
90920
90925
90940
90943
90965
90979
90988
90989
90992
90993
90994
90999
91012
91037
91040
91041
91043
91045
91063
91065
91066
91067
91068
91071
91073
91103
91109
91113
91114
91116
91117
91135
91143
91151
91152
91153
91195
91200
91204
91205
91207
91212
91215
91216
91218
91233
91234
91237
91283
91288
91302
91303
91305
91321
91322
91355
91363
91380
91388
91391
91392
91393
91413
91416
91419
91426
91427
91453
91461
91507
91516
91517
91518
91523
91524
91531
91547
91548
91560
91561
91571
91575
91576
91578
91579
91580
91583
91584
91594
91598
91600
91602
91630
91639
91650
91655
91683
91688
91689
91690
91692
91727
91750
91801
91804
91813
91837
91840
91841
91849
91854
91883
91887
91915
91926
91937
91972
91975
91977
91979
91983
92010
92013
92018
92020
92021
92029
92031
92044
92105
92109
92121
92132
92143
92156
92157
92172
92177
92178
92182
92183
92184
92188
92190
92191
92224
92239
92243
92245
92257
92259
92261
92268
92293
92326
92328
92330
92332
92339
92346
92354
92376
92378
92379
92389
92395
92400
92402
92421
92423
92424
92451
92467
92478
92483
92493
92497
92502
92505
92506
92518
92528
92530
92544
92551
92567
92570
92584
92597
92602
92611
92614
92618
92621
92635
92639
92648
92655
92670
92679
92694
92697
92709
92715
92729
92748
92765
92780
92799
92801
92815
92854
92866
92890
92893
92897
92902
92913
92923
92924
92931
92932
92949
92970
92988
92992
93015
93031
93035
93043
93056
93065
93068
93071
93091
93094
93095
93096
93097
93098
93101
93105
93111
93123
93150
93152
93159
93174
93175
93179
93185
93198
93201
93222
93223
93233
93240
93246
93247
93272
93289
93295
93296
93297
93298
93299
93317
93323
93330
93338
93369
93372
93373
93374
93382
93384
93387
93398
93404
93418
93420
93422
93423
93426
93427
